 90 90 90 90 90 90 90 90 90 90 90 90 90 90 90 90 
 90 90 90 90 90 90 90 90 90 90 90 90 90 90 90 90 
 90 90 90 90 90 90 90 90 90 90 90 90 90 90 90 90 
 90 90 90 90 90 90 90 90 90 90 90 90 90 90 90 90 
 90 90 90 90 90 90 90 90 90 90 90 90 90 90 90 90 
 90 90 90 90 90 90 90 90 90 90 90 90 90 90 90 90 
 90 90 90 90 90 90 90 90 90 90 90 90 90 90 90 90 
 90 90 90 90 90 90 90 90 90 90 90 90 90 90 90 90 
 90 90 90 90 90 90 90 90 90 90 90 90 90 90 90 90 
 90 90 90 90 90 90 90 90 90 90 90 90 90 90 90 90 
 90 90 90 90 90 90 90 90 90 90 90 90 90 90 90 90 
 90 90 90 90 90 90 90 90 90 90 90 90 90 90 90 90 
 90 90 90 90 90 90 90 90 90 90 90 90 90 90 90 90 
 90 90 90 90 90 90 90 90 90 90 90 90 90 90 90 90 
 90 90 90 90 90 90 90 90 90 90 90 90 90 90 90 90 
 90 90 90 90 90 90 90 90 90 90 90 90 90 90 90 90 
 90 90 90 90 90 90 90 90 90 90 90 90 90 90 90 90 
 90 90 90 90 90 90 90 90 90 90 90 90 90 90 90 90 
 90 90 90 90 90 90 90 90 90 90 90 90 90 90 90 90 
 90 90 90 90 90 90 90 90 90 90 90 90 90 90 90 90 
 90 90 90 90 90 90 90 90 90 90 90 90 90 90 90 90 
 90 90 90 90 90 90 90 90 90 90 90 90 90 90 90 90 
 90 90 90 90 90 90 90 90 90 90 90 90 90 90 90 90 
 90 90 90 90 90 90 90 90 90 90 90 90 90 90 90 90 
 90 90 90 90 90 90 90 90 90 90 90 90 90 90 90 90 
 90 90 90 90 90 90 90 90 90 90 90 90 90 90 90 90 
 90 90 90 90 90 90 90 90 90 90 90 90 90 90 90 90 
 90 90 90 90 90 90 90 90 90 90 90 90 90 90 90 90 
 90 90 90 90 90 90 90 90 90 90 90 90 90 90 90 90 
 90 90 90 90 90 90 90 90 90 90 90 90 90 90 90 90 
 90 90 90 90 90 90 90 90 90 90 90 90 90 90 90 90 
 90 90 90 90 90 90 90 90 90 90 90 90 90 8d 6c 24 
 28 b8 6d b2 62 39 68 3a 8e 04 08 c3 00 3c 68 55 
